L0_1 = [1.05
1.1
1.15
1.2
1.4
1.6
1.8
2
2.2
2.4];

L0_2 = [1.041666667
1.083333333
1.125
1.166666667
1.333333333
1.5
1.666666667
1.833333333
2
2.166666667
2.333333333
2.5]

L0_3 = [1.035714286
1.071428571
1.107142857
1.142857143
1.285714286
1.428571429
1.571428571
1.714285714
1.857142857
2
2.142857143
2.285714286
2.428571429]

L0_4 = [1.03125
1.0625
1.09375
1.125
1.25
1.375
1.5
1.625
1.75
1.875
2
2.125
2.25
2.375
2.5]

L0_5 = [1.027777778
1.055555556
1.083333333
1.111111111
1.222222222
1.333333333
1.444444444
1.555555556
1.666666667
1.777777778
1.888888889
2
2.111111111
2.222222222
2.333333333
2.444444444];

L0_6 = [1.025
1.05
1.075
1.1
1.2
1.3
1.4
1.5
1.6
1.7
1.8
1.9
2
2.1
2.2
2.3
2.4];

L0_7 = [1.022727273
1.045454545
1.068181818
1.090909091
1.181818182
1.272727273
1.363636364
1.454545455
1.545454545
1.636363636
1.727272727
1.818181818
1.909090909
2
2.090909091
2.181818182
2.272727273
2.363636364];

L0_8 = [1.020833333
1.041666667
1.0625
1.083333333
1.166666667
1.25
1.333333333
1.416666667
1.5
1.583333333
1.666666667
1.75
1.833333333
1.916666667
2
2.083333333
2.166666667
2.25
2.333333333];

L0_9 = [1.019230769
1.038461538
1.057692308
1.076923077
1.153846154
1.230769231
1.307692308
1.384615385
1.461538462
1.538461538
1.615384615
1.692307692
1.769230769
1.846153846
1.923076923
2
2.076923077
2.153846154
2.230769231
2.307692308
2.384615385];

L0_10 = [1.017857143
1.035714286
1.053571429
1.071428571
1.142857143
1.214285714
1.285714286
1.357142857
1.428571429
1.5
1.571428571
1.642857143
1.714285714
1.785714286
1.857142857
1.928571429
2
2.071428571
2.142857143
2.214285714
2.285714286
2.357142857];

L0_11 = [1.016666667
1.033333333
1.05
1.066666667
1.133333333
1.2
1.266666667
1.333333333
1.4
1.466666667
1.533333333
1.6
1.666666667
1.733333333
1.8
1.866666667
1.933333333
2
2.066666667
2.133333333
2.2
2.266666667
2.333333333];

L0_12 = [1.014285714
1.028571429
1.042857143
1.057142857
1.114285714
1.171428571
1.228571429
1.285714286
1.342857143
1.4
1.457142857
1.514285714
1.571428571
1.628571429
1.685714286
1.742857143
1.8
1.857142857
1.914285714
1.971428571
2.028571429
2.085714286
2.142857143
2.2
2.257142857
2.314285714
2.342857143];

L0_13 = [1.0125
1.025
1.0375
1.05
1.1
1.15
1.2
1.25
1.3
1.35
1.4
1.45
1.5
1.55
1.6
1.65
1.7
1.75
1.8
1.85
1.9
1.95
2
2.05
2.1
2.15
2.175
2.2
2.25
2.3
2.35];

L0_14 = [1.01111111
1.02222222
1.03333333
1.04444444
1.08888889
1.13333333
1.17777778
1.22222222
1.26666667
1.31111111
1.35555556
1.4
1.44444444
1.48888889
1.53333333
1.57777778
1.62222222
1.66666667
1.71111111
1.75555556
1.8
1.84444444
1.88888889
1.93333333
1.97777778
2.02222222
2.04444444
2.06666667
2.11111111
2.15555556
2.2
2.24444444];

L0_15 = [1.01
1.02
1.03
1.04
1.08
1.12
1.16
1.2
1.24
1.28
1.32
1.36
1.4
1.44
1.48
1.52
1.56
1.6
1.64
1.68
1.72
1.76
1.8
1.84
1.88
1.92
1.94
1.96
2
2.04
2.08
2.12
2.16
2.2
2.24
2.28
2.32];

T_1 = [3
4.2
4.8
5.2
6.4
8.2
10
12.4
15.8
24.2];

T_2 = [2.6
4.2
4.8
5.4
5.8
7.2
8.4
9.8
11.6
14
17.4
25.8];

T_3 = [3
3.8
4.6
5
6
7.2
8.4
9.4
10.8
12.6
15.2
19.4
32];

T_4 =  [2.8
3.8
4.2
4.8
5.2
6.2
7.4
8.2
9.2
10.4
11.8
13.4
16.2
20.4
37];

T_5 = [2.2
3.6
4.2
4.6
5.4
6.4
7.2
8
9
10
11.2
12.6
13.8
18
24.2
44.8];

T_6 = [2
3.4
4
4.6
5.2
6.2
7
7.8
8.6
9.4
10.4
11.4
13
14.6
18.6
27
46];

T_7 = [2.2
3.4
4
4.4
5
6
6.6
7.4
8.2
8.8
9.6
10.4
11.2
12.8
14.6
16.8
23
39];

T_8 = [1.8
3
3.8
4.2
4.8
5.6
6.4
7
7.6
8.2
9
9.8
10.6
11.4
12.6
14
16.6
19.6
28.4];

T_9 = [2.2
3.2
3.8
4.2
4.6
5.4
6
6.8
7.2
7.8
8.6
9.2
9.8
10.6
11.6
12.4
14
16
20.2
26.8
42];

T_10 = [2
3.2
3.4
4
4.4
5.2
6
6.4
7
7.6
8
8.6
9.4
9.8
10.6
11.6
12.4
13.8
15
18.2
23.6
39];

T_11 = [2.2
3
3.6
4
4.4
5.2
5.8
6.4
6.8
7.4
7.8
8.4
8.8
9.4
10
10.8
11.6
12.6
13.6
15.6
17.4
22.2
31];

T_12 = [1
2
2.4
3
4.4
5.2
5.8
6.2
6.6
7.2
7.6
8
8.6
9.2
9.8
10.2
10.8
11.4
12
12.8
13.6
14.8
15.6
17.6
25.4
35.2
40.8];

T_13 = [1
2
2.6
3
4.2
5
5.6
6
6.4
6.8
7
7.4
7.8
8.2
8.6
9
9.6
10
10.6
11.2
11.8
12.6
13.2
14.4
15.8
17.4
20.4
20.4
25.8
35.4
42];

T_14 = [0.8
1.8
2.2
2.8
4
4.8
5.2
5.6
6
6.4
6.8
7.2
7.6
8
8.4
8.8
9.4
9.6
10.2
10.6
11.2
11.8
12.6
13.2
14.4
15.4
17
17
20.4
25
33.2
50.6];

T_15 = [0.8
1.6
2.4
2.6
3.8
4.4
4.8
5.2
5.6
6
6.2
6.4
6.8
7.2
7.4
7.8
8
8.4
8.8
9.2
9.4
9.8
10.2
10.8
11.2
11.8
12.4
12.4
13
14
15.4
16.6
18.4
21.6
27.2
34
47.4];

sca